   -0.0266732539
   -0.0010771841
   -0.0239263440
   -0.0486531191
   -0.0551080312
   -0.0395278438
   -0.0366477483
   -0.0563301157
   -0.0588000285
   -0.0426409931
   -0.0400826062
    0.0150787561
    0.0230666243
    0.0140489659
   -0.0038082138
    0.0040292510
    0.0199651237
    0.0240105023
    0.0204044531
    0.0073630530
    0.0233310259
   -0.0198127352
    0.0050219088
    0.0046317521
    0.0119938805
    0.0128611330
    0.0075963395
   -0.0059941756
    0.0099596344
    0.0095762717
    0.0068478984
   -0.0018133892
    0.0063862199
    0.0073117817
    0.0052670920
   -0.0018622802
    0.0031964140
   -0.0128764314
   -0.0237101885
   -0.0006391838
   -0.0029207669
   -0.0048011781
   -0.0033439214
    0.0065858159
    0.0035282134
    0.0030464777
    0.0045308834
    0.0069209384
    0.0056826291
    0.0151153752
    0.0113463921
    0.0121756256
    0.0114651735
    0.0086909046
    0.0089287774
    0.0087146990
    0.0067802819
    0.0042042047
    0.0044808377
    0.0043138073
    0.0019903360
    0.0029242146
    0.0034462485
    0.0042929514
    0.0061793258
    0.0039942979
    0.0026726872
    0.0071308302
    0.0071898618
    0.0070834732
    0.0070365202
    0.0068955176
    0.0083474816
    0.0022685176
    0.0032967941
    0.0127349674
    0.0113580545
    0.0158775139
    0.0102905802
    0.0098883607
    0.0081868973
    0.0050734276
    0.0060009370
    0.0076304090
    0.0029931302
    0.0011383945
    0.0025844780
    0.0037251477
    0.0020540964
   -0.0000834482
    0.0011662855
    0.0061725890
    0.0066062952
    0.0061155943
    0.0037043861
    0.0052440167
    0.0065071186
    0.0078547367
    0.0079072697
    0.0073713420
   -0.0015346562
    0.0053275729
    0.0049717974
    0.0079911654
    0.0129654997
   -0.0037223309
    0.0055109115
    0.0098004129
   -0.0135884469
   -0.0001992026
    0.0061191819
    0.0081732129
    0.0088475629
   -0.0032443167
    0.0029989942
    0.0054501682
   -0.0184358223
   -0.0061991027
   -0.0009866240
   -0.0122892456
   -0.0055609279
    0.0002608142
    0.0026464923
    0.0048713020
    0.0019457892
    0.0047365814
    0.0062646681
    0.0058793691
   -0.0166233326
   -0.0158766593
   -0.0326713355
   -0.0370906381
   -0.0271373236
   -0.0230614688
   -0.0390217991
   -0.0457771699
   -0.0406417950
   -0.0346305019
   -0.0407535326
   -0.0354550405
   -0.0237247254
    0.0108830794
    0.0172952145
    0.0121620011
    0.0015128775
   -0.0020858403
    0.0081876127
    0.0159966021
    0.0194138345
    0.0165986091
    0.0086085153
   -0.0070163729
    0.0167679809
    0.0192174175
   -0.0180297578
    0.0023857146
    0.0121569548
    0.0068836794
   -0.0006821495
    0.0098478856
    0.0080255928
    0.0055720312
   -0.0002268462
   -0.0128793082
    0.0068074316
    0.0059549023
    0.0029167603
   -0.0032435708
    0.0048149373
    0.0034989731
   -0.0005871490
   -0.0078887040
   -0.0119711940
   -0.0146747195
    0.0006193125
   -0.0011805901
   -0.0025075342
   -0.0026627223
    0.0006491843
    0.0031189949
    0.0021250466
    0.0023451942
    0.0042668753
    0.0042338596
    0.0022226945
    0.0003338155
    0.0072640447
    0.0146427235
    0.0101459257
    0.0110819587
    0.0170900793
    0.0107565586
    0.0079328098
    0.0082410621
    0.0085988329
    0.0071677787
    0.0053211985
    0.0056625304
    0.0055007022
    0.0027165226
    0.0041447866
    0.0020429629
    0.0023985571
    0.0007291583
    0.0006083597
    0.0011120925
    0.0034927632
    0.0037529071
    0.0040139938
    0.0043430166
    0.0059433402
    0.0057036294
    0.0038573651
    0.0033206912
    0.0057108827
    0.0057494197
    0.0057049753
    0.0058048955
    0.0058852591
    0.0056762613
    0.0063758090
    0.0025064932
    0.0003223484
    0.0115002105
    0.0100215312
    0.0137024643
    0.0087504208
    0.0087858203
    0.0079755358
    0.0100829016
    0.0056161861
    0.0062544706
    0.0072083964
    0.0048357700
    0.0026652553
    0.0036725220
    0.0044151020
    0.0008947693
    0.0041846663
    0.0039642509
    0.0035483882
    0.0023852384
    0.0007862367
    0.0019912643
    0.0053679087
    0.0056856154
    0.0051246609
    0.0035991426
    0.0047143185
    0.0055614434
    0.0057345549
    0.0063263710
    0.0058776867
    0.0058802382
   -0.0168065221
    0.0028591640
    0.0061549145
    0.0111168175
   -0.0019948571
    0.0002117731
    0.0054363945
    0.0080666229
   -0.0052013434
    0.0019979676
    0.0056323851
    0.0071348173
    0.0086640376
   -0.0085742604
   -0.0010344904
    0.0030610824
    0.0049379416
    0.0052775421
   -0.0139750573
   -0.0162058250
   -0.0071838695
   -0.0024730770
    0.0001379572
   -0.0055633616
   -0.0014803421
    0.0013686841
    0.0029756394
    0.0018321074
    0.0022624595
    0.0039813888
    0.0056810730
    0.0045391778
   -0.0107651467
   -0.0105826685
   -0.0223883834
   -0.0255561246
   -0.0188747710
   -0.0172865644
   -0.0290047450
   -0.0339374700
   -0.0303816883
   -0.0198773494
   -0.0225621463
   -0.0315978934
   -0.0345706758
   -0.0305348840
   -0.0275059948
   -0.0236524381
    0.0081556469
    0.0138718758
    0.0092851732
   -0.0000287248
   -0.0030648971
    0.0060192276
    0.0128391165
    0.0160158536
    0.0138309457
    0.0081455483
   -0.0029166149
    0.0144623684
    0.0160652814
   -0.0187680387
   -0.0153359904
   -0.0024431822
    0.0020769048
    0.0113100376
    0.0057322326
   -0.0016033596
    0.0069453139
    0.0048069267
    0.0006525732
   -0.0077044992
    0.0057654510
    0.0048982732
    0.0026369200
   -0.0017549496
   -0.0094789898
    0.0040024685
    0.0030426101
    0.0002204476
   -0.0064449257
   -0.0103861294
   -0.0139183217
   -0.0140031576
    0.0009092578
   -0.0010699042
   -0.0026576187
   -0.0035691004
   -0.0023491804
    0.0025461443
    0.0012798221
    0.0013923903
    0.0034835800
    0.0034247751
    0.0011425247
    0.0015446958
    0.0021711257
    0.0009008917
    0.0053700308
    0.0142880527
    0.0091232079
    0.0101532211
    0.0102130360
    0.0068343644
    0.0071090388
    0.0075567770
    0.0064560101
    0.0045725963
    0.0048689809
    0.0049060611
    0.0038012066
    0.0020449017
    0.0023701384
    0.0029775711
    0.0031690222
    0.0033624609
    0.0035196912
    0.0033097116
    0.0028741047
    0.0046290706
    0.0046457432
    0.0046588946
    0.0048667472
    0.0050255756
    0.0047154604
    0.0051797854
    0.0034085776
    0.0027327029
    0.0019752433
    0.0014701614
    0.0008528242
    0.0106343720
    0.0089511284
    0.0132066708
    0.0079689119
    0.0076640267
    0.0070552485
    0.0050377295
    0.0055188556
    0.0062236379
    0.0044040834
    0.0027265919
    0.0033787578
    0.0039078799
    0.0033618894
    0.0033179619
    0.0029037218
    0.0020465976
    0.0019333583
    0.0044912661
    0.0044930011
    0.0045623532
    0.0040126199
    0.0029489013
    0.0041560660
    0.0051016932
    0.0048463547
    0.0051439093
    0.0048146639
    0.0050084640
   -0.0156686368
   -0.0010136103
    0.0032468248
    0.0026646142
    0.0050080463
    0.0101979096
   -0.0008379582
    0.0040591330
    0.0068003505
   -0.0109272182
   -0.0022264819
    0.0024252033
    0.0048693427
    0.0061836983
   -0.0047670124
    0.0001932719
    0.0029473897
    0.0042232024
   -0.0107815510
   -0.0049097712
   -0.0015631181
    0.0007107363
   -0.0069148019
   -0.0039808722
   -0.0007849833
    0.0013076936
    0.0028990997
    0.0011998934
    0.0013302043
    0.0031354104
    0.0037908600
   -0.0072640660
   -0.0072418028
   -0.0157714464
   -0.0181098141
   -0.0134275240
   -0.0099900968
   -0.0191343953
   -0.0245226829
   -0.0246802813
   -0.0196618673
   -0.0154737235
   -0.0234392980
   -0.0275703898
   -0.0269300024
   -0.0217967776
   -0.0215323283
   -0.0253114468
   -0.0245329609
   -0.0193633319
   -0.0180415212
    0.0062824726
    0.0108837532
    0.0072001944
    0.0003321206
   -0.0017009235
    0.0048138649
    0.0101035119
    0.0131526322
    0.0111732148
    0.0065039482
   -0.0016253490
    0.0119154701
    0.0132999059
    0.0125696796
   -0.0129750271
   -0.0085231163
    0.0027224266
    0.0015317024
   -0.0008546779
    0.0019972952
    0.0051131179
   -0.0012150114
    0.0090453005
    0.0063450744
    0.0039359876
    0.0000114421
   -0.0074997779
    0.0057440862
    0.0045767857
    0.0026214794
   -0.0008483496
   -0.0069101165
    0.0043684206
    0.0037577127
    0.0021745527
   -0.0007319555
   -0.0054137769
    0.0021929040
   -0.0000571167
   -0.0182895450
   -0.0033055396
   -0.0057427185
   -0.0078147307
   -0.0085103281
    0.0011652969
   -0.0004369548
   -0.0016984653
   -0.0022577504
   -0.0011640042
    0.0023274314
    0.0011190270
    0.0012044383
    0.0029738675
    0.0028953253
    0.0026665015
    0.0032042160
    0.0016294034
    0.0023101143
    0.0026352385
    0.0016025684
    0.0015750179
    0.0044376093
    0.0137784660
    0.0087816498
    0.0098679436
    0.0066288896
    0.0068654986
    0.0075255654
    0.0066410515
    0.0049489774
    0.0051702292
    0.0053283919
    0.0045572617
    0.0032038705
    0.0034585101
    0.0035417014
    0.0026362751
    0.0018633808
    0.0020893777
    0.0023671857
    0.0016902970
    0.0030904741
    0.0031832950
    0.0032442989
    0.0032590105
    0.0043885360
    0.0034919541
    0.0030747461
    0.0040316403
    0.0040063566
    0.0040123062
    0.0042153962
    0.0044031632
    0.0041662750
    0.0043615787
    0.0039159004
    0.0026613081
    0.0022920302
    0.0017984990
    0.0015353069
    0.0015759305
    0.0014136274
    0.0098542067
    0.0083688397
    0.0123444067
    0.0076057194
    0.0071384314
    0.0069202892
    0.0090527075
    0.0052222098
    0.0054182223
    0.0060029830
    0.0051901570
    0.0033845651
    0.0035734478
    0.0040477473
    0.0045257237
    0.0029423617
    0.0023419423
    0.0026450159
    0.0025269413
    0.0021127261
    0.0032869861
    0.0033242347
    0.0030392486
    0.0024441773
    0.0017047181
    0.0025685698
    0.0039301017
    0.0039819195
    0.0040470159
    0.0037058756
    0.0030494782
    0.0039581290
    0.0046523747
    0.0042418818
    0.0043558899
    0.0041700059
    0.0044018963
   -0.0187221951
   -0.0089985675
   -0.0032903110
    0.0002542909
    0.0020203754
    0.0041870660
    0.0087439822
   -0.0006750889
    0.0032081737
    0.0058004963
   -0.0087332254
   -0.0020268552
    0.0018854772
    0.0041299958
    0.0055974714
    0.0076334729
   -0.0078590746
   -0.0020007700
    0.0013293453
    0.0032598206
    0.0043220341
    0.0005652979
    0.0024504283
   -0.0188672239
   -0.0096706776
   -0.0046307206
   -0.0098104253
   -0.0051553703
   -0.0020397071
    0.0000351540
   -0.0040673988
   -0.0027067573
   -0.0004426915
    0.0013275178
    0.0028670422
    0.0013400398
    0.0011629896
    0.0027055217
    0.0032924054
